9.886997420758947310927932028610480644263777616936379346958380931597098197120437e-1
0.000000000000000000000000000000000000000000000000000000000000000000000000000000e0
-1.314090741253726735382590451987684052478528265364293577318054671377338009418117e-3
0.000000000000000000000000000000000000000000000000000000000000000000000000000000e0
3.201730247966658507743062360033500402075444096259445160023009612946135557317913e-6
0.000000000000000000000000000000000000000000000000000000000000000000000000000000e0
-8.546383464105691349939840558984054445648114565788639128006701925075778738933111e-9
0.000000000000000000000000000000000000000000000000000000000000000000000000000000e0
2.215113677208861658444387035669985503047045503821757710079477821218146859320083e-11
0.000000000000000000000000000000000000000000000000000000000000000000000000000000e0
-5.334937583209395233331679096915731767006978043298028250334745110236166647029091e-14
0.000000000000000000000000000000000000000000000000000000000000000000000000000000e0
1.172674736876694550111614716008525366517857114220780540187914494387323160781965e-16
0.000000000000000000000000000000000000000000000000000000000000000000000000000000e0
-2.336071622858207298218597153790773679113388558021111955686142179108974549893789e-19
0.000000000000000000000000000000000000000000000000000000000000000000000000000000e0
4.209567610866749598535020484243506733572110186555759537159712664973399215311268e-22
0.000000000000000000000000000000000000000000000000000000000000000000000000000000e0
-6.866445836697177954065159874058638750942724657082168485660058587004341972887581e-25
0.000000000000000000000000000000000000000000000000000000000000000000000000000000e0
1.015875820644857787882894501133236156471105370428542182708027219767052595470987e-27
0.000000000000000000000000000000000000000000000000000000000000000000000000000000e0
-1.366845178053897207173362718220807723543531409506383577208603508336120757355989e-30
0.000000000000000000000000000000000000000000000000000000000000000000000000000000e0
1.677466124408319104263176086160012331339532335932683518411661755953058527369064e-33
0.000000000000000000000000000000000000000000000000000000000000000000000000000000e0
-1.883530131556697747741575387839877721824654802803710756374687156173504044917214e-36
0.000000000000000000000000000000000000000000000000000000000000000000000000000000e0
1.940879299815437386752134586573425994600228297768384719807003219566992448317611e-39
0.000000000000000000000000000000000000000000000000000000000000000000000000000000e0
-1.840861788000742995661275297364566068898437034189665111563269933692166902215528e-42
0.000000000000000000000000000000000000000000000000000000000000000000000000000000e0
1.611692382362036453846069882000136242628164722547235859595023356508201938885879e-45
0.000000000000000000000000000000000000000000000000000000000000000000000000000000e0
-1.306074195857098037611256591472605758624659356435868488902041383705691301080504e-48
0.000000000000000000000000000000000000000000000000000000000000000000000000000000e0
9.822152376933299327183182015586041481701049688245141955900866824933729427159200e-52
0.000000000000000000000000000000000000000000000000000000000000000000000000000000e0
-6.871773606225795724258217968339120492962320766908614167869865602376295368478241e-55
0.000000000000000000000000000000000000000000000000000000000000000000000000000000e0
4.482990945134374088465145230893726514746521592520994825049001134444656049804985e-58
0.000000000000000000000000000000000000000000000000000000000000000000000000000000e0
-2.733145492483898521034472187692639891265257487281595872549483385627146944868346e-61
0.000000000000000000000000000000000000000000000000000000000000000000000000000000e0
1.560489436495906434410448289036361601501516542606655240953341138530262898180107e-64
0.000000000000000000000000000000000000000000000000000000000000000000000000000000e0
-8.360277166801315688841532111840891656621293592871685611077430161786250161871805e-68
0.000000000000000000000000000000000000000000000000000000000000000000000000000000e0
4.210707555981529131551823170858471502430288082603257874576415442093835158030604e-71
0.000000000000000000000000000000000000000000000000000000000000000000000000000000e0
-1.997257249532921761895066389634990340203179458372451670311641603651105474850672e-74
0.000000000000000000000000000000000000000000000000000000000000000000000000000000e0
8.936910067359443156112380506636648999570219774013376408253495177718970496318274e-78
0.000000000000000000000000000000000000000000000000000000000000000000000000000000e0
-3.778398743765678969414469316964287972154053628021015854192812390208156235093607e-81
0.000000000000000000000000000000000000000000000000000000000000000000000000000000e0
1.511655757452362760503115379710186689563599691385823287775993577738918981002710e-84
0.000000000000000000000000000000000000000000000000000000000000000000000000000000e0
-5.731230647019746515845583953093093229977266016253043363369247705819388940478128e-88
0.000000000000000000000000000000000000000000000000000000000000000000000000000000e0
2.061994598413319338397283305158547668930854706358378689055071992484060176457470e-91
0.000000000000000000000000000000000000000000000000000000000000000000000000000000e0
-7.049173990914180507752583217941844827910971154455137136874091348855862523793427e-95
0.000000000000000000000000000000000000000000000000000000000000000000000000000000e0
2.292661381028582807232762584730136782346259138977245458415458425673585660340523e-98
0.000000000000000000000000000000000000000000000000000000000000000000000000000000e0
-7.102441979224698240207831771947564623348078251474173755805561798908431244718282e-102
0.000000000000000000000000000000000000000000000000000000000000000000000000000000e0
